1731431753
620310044
-11560836
6219735
-585036836
807332161
471614612
-1223965093
-1382143924
695756061
-2119572152
-396328567
1465520244
-1961131020
1659789822
-555671295
430450029
370874931
-204406701
1274971899
2111933199
-1112432221
860449084
723122331
-1311659080
377973723
2022136942
-1631037560
-1887390645
1594165239
-547899904
1175904446
1918585979
-948318330
740403789
-1050901341
1676087113
820629192
807492639
-1556075432
522684363
1456831512
-1187827447
-1135771566
1372567086
645984935
-271218669
1123484712
160981245
-1134058390
